-0.11803	-1.101	1
0.49919	1.2712	1
2.7328	2.5204	1
-0.018556	2.0524	1
3.6976	3.2898	1
-1.358	1.2812	1
4.291	4.2263	1
1.3081	3.3078	1
-2.7527	-1.3351	1
2.2244	-0.87517	1
-2.8544	-2.405	1
1.591	1.069	1
4.8993	3.8451	1
0.71224	0.20457	1
1.8435	2.2475	1
2.1656	2.0929	1
0.35056	3.0799	1
2.4211	0.29875	1
0.3507	0.57676	1
2.5216	1.5452	1
-0.72861	1.4831	1
1.122	1.776	1
0.49677	1.7061	1
-0.34813	-0.042661	1
1.1534	2.2808	1
-1.5525	1.2666	1
-1.8402	-1.7873	1
-1.5172	-1.8432	1
-0.39149	0.16322	1
2.4594	1.0841	1
1.0863	2.6466	1
3.1615	2.0866	1
2.7097	0.71506	1
0.16668	0.54928	1
-1.357	-1.5857	1
1.048	-0.85743	1
0.39758	1.1107	1
3.1202	1.685	1
-0.27072	0.64106	1
3.7359	4.335	1
1.4404	1.2344	1
1.8044	0.71637	1
-0.23848	0.60216	1
-0.75949	0.96591	1
0.69511	1.3371	1
1.0369	0.97224	1
-1.5304	-0.77746	1
1.1913	-0.18238	1
-0.33135	-0.060234	1
1.7298	1.4339	1
2.6909	2.9055	1
-2.2752	-0.17355	1
-0.25682	0.43922	1
0.5305	-0.35842	1
-2.8998	-3.3883	1
-3.4932	-1.8781	1
-1.9333	-1.2318	1
2.5509	2.2287	1
3.8035	-0.17182	1
-0.10486	1.064	1
0.21789	0.8796	1
1.3078	1.088	1
2.4107	1.428	1
2.5239	2.7837	1
5.3404	4.1779	1
1.8189	0.62092	1
-1.023	-0.33351	1
5.016	2.4444	1
-0.72834	-1.1571	1
-0.22107	2.1596	1
2.5713	-0.36452	1
1.304	-0.37355	1
1.1182	4.5001	1
1.0102	1.1294	1
-1.3202	-0.035275	1
-1.2265	1.2683	1
-1.9038	-3.4419	1
2.3092	4.1457	1
-0.55152	1.3344	1
-2.0045	-2.3544	1
1.8254	1.1991	1
0.56011	1.2707	1
-1.2571	-1.6225	1
1.5027	0.5089	1
1.7615	0.8373	1
1.8719	1.3896	1
-0.056655	-0.5447	1
0.38696	1.3655	1
0.25158	0.62253	1
1.2849	2.9731	1
1.8842	0.61499	1
3.8453	4.146	1
-0.06543	0.9855	1
-0.088891	1.1043	1
0.69419	0.67841	1
3.0114	2.2341	1
0.30983	-1.1837	1
2.608	3.5867	1
-0.27414	-0.094897	1
-0.48263	0.52239	1
4.1404	4.055	1
2.4902	1.6699	1
1.9835	1.8692	1
1.0115	0.4457	1
-0.038861	1.8189	1
3.0356	1.1833	1
2.9594	3.9864	1
-2.0517	0.30992	1
-0.99504	1.5745	1
0.3621	0.94484	1
3.5706	4.5807	1
1.6774	1.3741	1
3.2649	2.3054	1
0.0002974	-0.21493	1
1.8264	2.138	1
-0.076511	-0.25321	1
-2.2478	-1.2408	1
1.5331	1.0286	1
1.0676	0.76985	1
-0.31931	-2.6256	1
0.04752	0.060941	1
-0.35003	-2.1053	1
1.9015	2.017	1
-0.80272	0.75335	1
2.0251	0.78308	1
0.49492	1.5563	1
0.59092	1.2797	1
-0.51863	0.0035782	1
-0.44941	2.3006	1
-0.16558	1.2192	1
-0.59296	-0.10215	1
-0.22356	1.0896	1
-0.11207	1.0976	1
-1.6323	1.4196	1
-2.0231	-2.8096	1
-4.4194	-1.6718	1
1.9452	1.8932	1
-0.68828	-1.2928	1
1.3828	-0.88583	1
0.31719	-0.60538	1
2.4512	1.8438	1
1.6571	1.9655	1
3.5627	3.5784	1
1.4125	0.86533	1
1.9335	1.3239	1
0.34402	1.4343	1
-0.58427	1.017	1
-1.9864	0.56106	1
-1.3751	-3.0338	1
4.0497	1.4743	1
-1.2486	-0.12969	1
1.8868	2.9484	1
1.1182	-0.077589	1
2.1941	1.4216	1
0.6124	0.15304	1
0.52589	0.59703	1
2.0913	1.143	1
0.4514	1.6122	1
1.4186	-0.72227	1
3.4541	5.2455	1
2.0723	-0.045683	1
-0.030137	1.6156	1
0.52159	2.1753	1
3.4536	2.4207	1
-2.0907	-0.82819	1
1.5512	0.78803	1
3.6791	3.7996	1
1.0197	1.4269	1
1.3443	1.5277	1
2.6734	3.2255	1
4.997	3.5551	1
2.6544	3.6541	1
0.020041	0.31658	1
1.0098	1.9019	1
-0.18809	0.30696	1
1.0188	1.6774	1
-3.2246	-1.5825	1
-0.74288	0.59824	1
1.9696	1.1047	1
1.828	3.099	1
-1.3052	-0.97271	1
1.887	2.0661	1
1.3478	-0.23447	1
2.8099	3.989	1
1.3463	2.3232	1
-0.63262	-0.47553	1
-0.5532	-1.1797	1
-1.1432	-0.91647	1
1.4132	1.7687	1
2.4647	2.5304	1
0.2632	1.3804	1
0.43951	-0.08558	1
0.049686	0.42021	1
-2.8113	-1.7573	1
-1.1878	-1.2537	1
0.27881	1.5995	1
1.5661	1.8424	1
-0.46197	-0.41313	1
-1.1031	-0.91701	1
-0.91596	-0.31363	1
2.3799	1.0224	1
1.4804	0.16613	1
1.2486	1.0751	1
2.3517	1.3921	1
2.4851	1.6137	1
-0.083637	0.85509	1
-1.9841	1.2752	1
-1.5251	-1.7365	1
2.5603	4.4561	1
1.8155	1.7174	1
-1.4138	-1.4825	1
0.28177	1.3596	1
0.88906	1.4323	1
1.2044	0.43717	1
0.89408	1.0928	1
-0.43937	-1.8104	1
2.9114	-1.0321	1
0.13419	0.81545	1
-0.64448	-1.4948	1
-2.397	-0.44515	1
-1.2095	0.30536	1
5.7745	5.4975	1
-0.034447	1.1444	1
3.5696	3.709	1
0.098092	0.04005	1
2.7701	5.0729	1
-0.029423	0.65944	1
-0.23151	0.69485	1
1.6141	3.1129	1
1.2764	-0.16276	1
2.2027	5.7155	1
0.12601	-1.1526	1
1.9671	3.487	1
-0.21209	1.9161	1
2.4283	1.0903	1
2.149	-0.77923	1
1.5141	0.16294	1
-0.83105	-0.014098	1
-1.858	-0.3053	1
-0.039634	0.71461	1
1.2151	0.53561	1
-1.6618	-0.84983	1
1.889	3.9035	1
3.7931	3.4166	1
0.18528	0.18457	1
0.7486	0.85667	1
-0.78236	1.0473	1
0.89863	0.5225	1
-0.52749	1.0619	1
2.7906	1.157	1
2.3338	0.97142	1
1.4036	0.23539	1
0.51124	-1.6706	1
3.8243	4.7278	1
-2.7377	0.10809	1
1.6101	0.52252	1
2.1632	2.4562	1
1.0788	2.8014	1
3.2907	1.4231	1
-0.35611	-1.167	1
1.1052	0.53522	1
3.3642	3.8365	1
-0.55112	0.33544	1
3.1825	2.2484	1
-2.0604	0.38168	1
0.60363	-0.67986	1
3.4737	1.2954	1
1.9537	1.6601	1
0.99099	1.4753	1
1.4465	1.7027	1
-0.57001	-1.2655	1
-1.5923	-1.2564	1
-2.6144	-1.7381	1
2.0481	1.9435	1
-2.3278	-1.022	1
1.683	1.739	1
-2.1367	-2.0543	1
1.8705	2.3059	1
1.4765	2.6729	1
1.2873	0.93488	1
0.33943	0.11507	1
3.1762	3.1026	1
2.4616	0.9068	1
-1.1406	1.8174	1
0.097556	-0.6184	1
1.7191	1.5083	1
0.3433	-0.44918	1
2.8614	1.6611	1
-1.1811	-0.65541	1
1.9085	2.9255	1
2.2549	1.3071	1
1.598	1.3571	1
1.4282	1.0777	1
-1.3499	0.98265	1
3.882	0.3257	1
0.75755	1.5675	1
-1.193	-0.36159	1
-0.7142	-2.025	1
-1.504	-0.63207	1
-0.61919	-0.17416	1
2.0585	1.6705	1
0.42797	1.4146	1
1.33	1.2393	1
2.3999	2.8249	1
-0.15562	2.4489	1
2.3117	2.7723	1
0.67818	0.62941	1
0.48653	-0.25605	1
1.572	3.7591	1
0.69874	0.30633	1
-0.0028048	1.6857	1
3.9449	4.0675	1
1.0839	1.9286	1
1.0377	1.5285	1
0.30016	-0.2007	1
-1.5448	0.29668	1
3.1678	2.2968	1
-0.66738	-0.086145	1
1.1967	1.0893	1
1.0979	0.4809	1
2.9881	0.78778	1
0.56166	0.16746	1
-0.41746	1.6529	1
0.020504	2.9345	1
1.2376	1.1068	1
0.66976	1.5972	1
-1.5488	-0.13988	1
2.7909	0.058269	1
0.17041	0.68988	1
5.3686	2.7352	1
0.97412	-1.072	1
0.55928	-0.19904	1
1.1484	3.2695	1
1.3833	1.3733	1
1.9484	0.24528	1
5.5498	4.9578	1
-2.3653	-0.60878	1
-0.75329	-0.56838	1
-0.18478	0.93225	1
1.5335	0.98857	1
0.34935	-1.0792	1
1.9741	0.0255	1
-1.4083	-0.78189	1
3.0003	1.0963	1
1.4589	0.6292	1
1.5713	1.4493	1
-1.1304	-0.23331	1
-0.031292	-1.7086	1
1.2844	1.5939	1
-0.32585	-0.0040811	1
2.4128	2.7735	1
-0.1005	1.3706	1
-0.36598	-1.6106	1
1.8093	2.3591	1
-0.55132	0.16924	1
2.6797	3.7995	1
-1.622	-0.50481	1
-0.269	-0.79975	1
4.5237	0.70729	1
-0.47105	-1.2962	1
0.19195	-1.0981	1
1.4812	1.5205	1
1.6168	-0.32737	1
6.0724	2.5756	1
3.4244	2.7994	1
0.12185	2.8752	1
2.1507	0.64698	1
3.4619	0.58039	1
0.91468	-2.0522	1
-3.2054	-2.947	1
0.46816	1.3441	1
-1.2501	-0.72352	1
2.0128	1.7032	1
0.81223	1.7502	1
2.8169	4.1016	1
-0.75751	-2.6602	1
2.9979	1.7756	1
-1.013	-1.285	1
3.6206	1.8694	1
1.3112	-2.1152	1
3.0665	0.69171	1
-1.4721	0.90264	1
2.4956	2.884	1
-0.029301	0.43144	1
-1.665	0.14432	1
3.1858	0.68527	1
1.7115	1.273	1
0.72634	0.33654	1
1.3952	2.2309	1
0.16143	2.3535	1
-1.3584	-1.7005	1
-2.6579	-0.037308	1
-1.9728	-0.90907	1
0.1868	2.1092	1
2.1642	3.0482	1
0.81818	-0.32535	1
1.2326	3.6274	1
0.21271	-1.3828	1
1.5416	1.6384	1
2.4102	3.9823	1
-0.29073	-1.8034	1
-1.1952	-0.89496	1
1.9416	1.1279	1
-0.11582	0.46259	1
-2.8353	-0.80389	1
1.4268	0.91708	1
2.0359	2.2568	1
2.218	4.62	1
1.6421	3.4349	1
0.86263	3.1426	1
1.2137	1.8488	1
4.3522	2.3441	1
1.0801	1.5325	1
0.39111	1.4708	1
3.4107	3.9418	1
3.0043	3.3146	1
3.9585	2.1961	1
2.6722	0.44753	1
1.9675	-0.11199	1
3.4079	1.8981	1
0.71283	1.4627	1
0.49659	2.6624	1
-0.39535	-0.052369	1
4.0037	4.1946	1
5.0678	2.1303	1
2.7619	3.9028	1
-0.021205	0.41855	1
-1.0839	1.2154	1
-0.56191	0.7812	1
1.0993	0.23231	1
-1.228	-1.7423	1
-1.6864	-3.7705	1
-1.6112	-0.889	1
1.7791	1.3268	1
-2.5334	-1.8657	1
1.852	2.7488	1
1.733	1.473	1
-0.82896	0.67018	1
-0.63853	0.89001	1
-0.00266	0.68141	1
-0.10448	-0.87979	1
2.467	2.7191	1
0.7515	0.28456	1
-0.4749	-1.8552	1
1.8735	2.8397	1
2.6976	5.2897	1
-1.9892	-2.0241	1
3.0853	2.411	1
-0.78364	1.4019	1
-2.3685	-3.9975	1
1.1296	-1.3974	1
2.9588	1.9875	1
3.1198	3.7658	1
0.31906	4.9195	1
2.1945	5.9435	1
0.78518	2.1692	1
0.66752	1.606	1
2.9927	1.5897	1
1.4135	-1.0255	1
2.6657	1.9843	1
1.8484	1.7958	1
-0.11682	0.38177	1
1.9542	3.7754	1
0.73274	0.96561	1
-1.122	1.6532	1
1.3541	2.2302	1
0.98716	2.0341	1
0.092065	-1.4193	1
1.2048	2.1617	1
-0.46788	0.86955	1
4.2954	2.2946	1
-1.7632	-0.34804	1
-1.668	-0.19267	1
2.8208	2.9258	1
-0.32925	1.0469	1
-0.10771	1.7718	1
-0.10513	0.36735	1
2.5539	2.7368	1
1.2055	1.1508	1
1.8609	2.8468	1
-2.2216	-1.9188	1
-2.0865	0.30181	1
1.3788	-0.31649	1
-2.2571	-0.029618	1
4.2915	3.0155	1
1.5548	1.7682	1
3.263	2.0665	1
-2.0697	-1.2102	1
1.9217	2.023	1
1.8491	2.6867	1
2.9834	3.4655	1
0.39722	1.0525	1
-1.3697	1.0396	1
-0.24351	0.65394	1
0.088509	1.9675	1
0.43932	3.0759	1
0.63081	-0.76815	1
1.44	-0.16289	1
4.6419	5.0407	1
-0.44869	-0.16144	1
-0.15646	0.84505	1
4.0373	5.0453	1
5.273	3.0242	1
-0.26937	-1.1019	1
-2.3152	-1.0934	1
1.8588	1.8158	1
-0.21979	0.86181	1
0.86613	1.5623	1
0.82703	-0.95552	1
1.5585	1.1097	1
-1.2662	-0.82148	1
1.4107	-1.7508	1
0.27701	-1.1797	1
-1.5805	0.2763	1
0.7542	-0.58476	1
-0.8117	0.10557	1
5.9608	2.0363	1
1.087	1.4384	1
0.82925	2.0242	1
0.60143	2.2084	1
0.79605	0.30209	1
3.1081	1.14	1
-1.4017	0.41136	1
-0.32992	0.055546	1
2.7546	2.244	1
1.8142	3.1293	1
0.66561	3.1348	1
3.3443	1.4331	1
0.82697	0.25292	1
2.6439	2.2055	1
0.99454	1.8629	1
4.1005	4.7998	1
2.4357	2.69	1
2.1287	1.1992	1
-0.48239	1.3058	1
0.23723	1.2422	1
1.6665	1.2351	1
1.5007	2.1003	1
-1.4709	-0.38684	1
1.4794	3.6738	1
1.6125	1.0845	1
-2.0595	0.596	1
-0.99402	1.2022	1
3.5311	1.9992	1
0.057407	1.2499	1
-0.95981	0.85335	1
0.37586	2.6976	1
3.1622	0.76757	1
1.7427	0.45435	1
-2.8978	-1.3908	1
0.045275	-2.6913	1
-1.756	-2.808	1
-0.058549	-2.0402	1
-2.2909	-0.29052	1
2.1583	0.95855	1
2.7807	6.0628	1
2.4642	3.0238	1
2.7316	3.2062	1
3.1554	2.2305	1
-0.41107	-0.34442	1
0.11839	1.4641	1
-1.4006	0.92292	1
-2.4055	0.61362	1
-0.62011	1.6954	1
-1.2743	0.89431	1
1.0926	1.0297	1
0.35064	0.53336	1
1.7553	0.36859	1
-0.61726	-0.25174	1
1.5886	1.8992	1
1.3384	-0.57049	1
-1.8402	-1.4207	1
-2.393	-1.7882	1
-3.042	-1.5737	1
-0.13454	-0.17843	1
1.145	0.67955	1
1.8858	-0.099144	1
-0.72282	-1.6445	1
0.26419	-1.1617	1
-2.9333	-1.2241	1
4.0872	3.6163	1
-0.36348	-2.3271	1
1.6494	-0.017518	1
-1.7767	-1.3279	1
0.14688	1.1325	1
2.6622	2.3781	1
-1.099	0.71162	1
1.8639	-0.17041	1
-1.0458	-1.2109	1
2.1211	0.0031824	1
1.8549	1.6856	1
0.78598	-0.19446	1
4.1075	4.0557	1
-1.7831	-3.0364	1
1.9285	1.7232	1
4.0843	0.26466	1
1.5383	0.18513	1
2.2264	1.716	1
0.67829	1.2995	1
2.5269	2.4467	1
-2.1115	-3.3438	1
-0.96014	0.30331	1
-0.88809	0.77341	1
-0.98367	-1.3532	1
5.1455	5.0754	1
3.9973	2.2722	1
-0.073279	-0.81002	1
1.7652	1.7515	1
-1.8643	-0.061601	1
-0.22277	0.78172	1
0.49371	1.0469	1
1.529	2.1164	1
3.0852	1.9893	1
2.069	2.5987	1
0.96572	1.7805	1
3.152	0.42053	1
0.6812	0.039885	1
2.1344	2.9751	1
4.5234	2.8822	1
-1.0265	-1.1462	1
0.51386	0.34423	1
-0.69652	1.0674	1
-1.717	-2.4334	1
2.7149	3.1514	1
0.20069	1.4999	1
-1.9474	-0.30666	1
-0.77375	-1.0231	1
2.7069	0.68037	1
2.1203	2.9223	1
1.1951	1.6596	1
-1.7456	-0.67267	1
0.098625	0.63264	1
-0.66677	0.41537	1
3.3187	3.0181	1
-0.14737	1.7805	1
2.4743	2.8384	1
3.9366	3.0707	1
3.3162	3.8082	1
2.077	4.1666	1
-1.2336	-0.16353	1
5.0254	4.9599	1
-1.2891	-1.9346	1
-0.18858	1.6911	1
0.97169	0.2484	1
2.2933	1.4272	1
1.4736	2.1989	1
-0.39095	-0.45296	1
-0.72281	-2.9624	1
-1.6012	-3.297	1
0.33968	-1.2285	1
0.50127	1.3727	1
0.75677	0.19481	1
0.33987	0.13099	1
1.8719	0.19282	1
0.75665	3.2626	1
-0.016108	0.010421	1
0.52041	-0.36101	1
3.8399	3.227	1
1.1127	-0.95406	1
2.8383	1.5513	1
0.34146	0.68876	1
-0.21473	2.888	1
3.4131	2.9944	1
2.0599	2.1112	1
-0.045048	1.3085	1
3.383	3.9308	1
0.59059	0.03582	1
0.88505	1.3841	1
0.91269	-1.2462	1
0.7313	1.4336	1
1.4911	-0.13427	1
-1.4782	-0.86132	1
1.9511	1.9001	1
-3.2554	-2.9286	1
0.97043	2.6284	1
-0.94654	-0.96322	1
1.7918	0.71206	1
-0.74937	0.70928	1
2.5034	3.7046	1
-0.21697	0.41777	1
-0.63285	-1.4475	1
1.4717	2.6595	1
0.36898	-0.39442	1
0.088245	-2.2226	1
0.038967	-0.9237	1
2.4674	3.9687	1
0.14668	3.0901	1
0.80405	1.1477	1
-0.032198	0.43122	1
0.69418	-1.502	1
-0.36528	-2.2295	1
1.8934	2.5638	1
1.4584	0.9832	1
2.4675	0.97076	1
1.4389	0.61837	1
1.5663	0.76718	1
1.3303	1.06	1
3.6802	1.3759	1
0.78011	1.1233	1
0.37701	0.94398	1
1.4849	2.3887	1
0.30628	-0.11095	1
-1.2934	1.5223	1
-0.031098	-0.11529	1
0.034383	1.0493	1
1.813	0.9515	1
1.922	3.8188	1
0.63933	0.14409	1
1.4035	2.4672	1
-0.54319	-0.48891	1
0.83002	2.1065	1
0.47087	2.0559	1
2.1994	1.5934	1
2.4964	1.5664	1
0.049212	-0.35948	1
-2.3431	-1.475	1
1.1052	0.5117	1
3.0246	-0.077686	1
2.9303	1.9365	1
2.0863	2.1004	1
2.7187	1.174	1
-0.61293	-0.90671	1
-1.177	-1.2347	1
1.7954	1.4787	1
0.73306	-0.23456	1
-1.0539	-1.9764	1
2.2226	3.8074	1
3.3907	1.8742	1
1.4517	2.0004	1
1.4852	-0.18947	1
1.215	3.6949	1
-0.22544	0.19499	1
1.0354	2.5275	1
2.4815	2.9834	1
-0.97932	-0.33029	1
2.6519	2.5076	1
3.1757	1.6474	1
0.85053	1.0463	1
0.80099	1.9722	1
3.3744	1.8916	1
1.8207	0.81149	1
1.77	1.2489	1
0.74062	1.8088	1
-0.41362	-1.2142	1
0.21827	-0.87805	1
1.7233	1.1067	1
-0.58939	-0.4015	1
0.94674	1.8554	1
-0.27487	1.541	1
-1.3226	-1.9253	1
3.8233	0.42333	1
2.5061	-0.023836	1
0.64277	-0.78514	1
2.9871	0.66012	1
1.1439	0.98293	1
1.8179	1.0126	1
1.7436	3.5679	1
1.5233	2.3018	1
1.0228	0.98154	1
0.98099	-0.6119	1
-0.25286	0.36745	1
3.041	2.8078	1
0.48374	1.2298	1
0.92763	0.47716	1
-0.85915	-1.5326	1
1.0542	3.0604	1
3.5985	2.0228	1
-0.92696	-0.22857	1
2.2491	2.7281	1
-1.5369	-0.65727	1
1.9285	0.62809	1
3.664	4.8876	1
1.2149	-2.4541	1
-1.0007	0.27349	1
3.9772	4.9288	1
-0.81871	-0.38534	1
-0.16562	0.076894	1
1.7588	0.7087	1
1.6496	4.5727	1
0.86708	3.0057	1
1.4384	1.2491	1
1.7576	1.177	1
0.7075	-0.25184	1
1.4602	3.2917	1
0.35828	-1.5018	1
0.099038	-0.71892	1
0.115	-0.15592	1
1.1367	-0.31549	1
-0.74937	-1.7423	1
-0.20989	1.1067	1
0.79128	0.77066	1
1.6194	0.78512	1
0.64571	0.43251	1
0.99575	0.85905	1
-0.090841	-0.95221	1
-1.6351	-1.0295	1
-0.04573	-0.80781	1
-0.02612	1.36	1
3.4774	3.2832	1
2.7742	1.7346	1
1.8828	2.0161	1
3.1179	1.3124	1
1.1421	0.30637	1
0.01463	-0.45885	1
2.4867	2.2584	1
-0.17495	0.28568	1
-0.35219	-2.5196	1
1.9394	0.36075	1
-0.0075165	-0.30167	1
-0.80501	-0.48123	1
-0.36311	-0.57159	1
-0.10389	1.1089	1
-1.3752	1.0895	1
-0.28556	1.4432	1
1.9128	2.1081	1
4.7498	4.8974	1
-0.01719	1.8486	1
2.0368	2.4075	1
4.0832	5.6317	1
0.97257	0.65527	1
0.34272	1.0111	1
1.3636	0.65488	1
1.36	0.41933	1
-0.42479	-1.2149	1
1.1969	0.1482	1
-0.026573	-1.3414	1
-0.90042	-0.65586	1
1.2053	0.22381	1
2.5573	4.0483	1
2.0353	2.3718	1
1.003	-1.4951	1
2.2172	3.3202	1
2.8692	1.5565	1
0.75613	-1.1997	1
0.43223	1.3072	1
2.2326	3.4034	1
0.9855	1.3669	1
4.2366	3.6792	1
-1.2447	-1.5271	1
-1.5867	-0.91748	1
-0.84079	-0.35411	1
1.2404	0.86198	1
0.89938	1.8795	1
0.58763	-0.27283	1
2.6213	1.6648	1
0.7359	0.24619	1
1.894	2.1318	1
3.8188	4.5047	1
3.006	4.6306	1
0.15532	3.1371	1
4.8448	2.2663	1
2.6835	1.1785	1
1.4012	3.7747	1
-0.84426	0.25508	1
3.9495	2.2527	1
0.80671	2.68	1
0.8028	-1.1373	1
1.0509	0.43493	1
1.3915	0.050399	1
4.8327	4.9997	1
3.3427	5.088	1
0.86084	1.865	1
3.753	4.7681	1
0.39083	2.6124	1
-0.84765	0.66754	1
0.21082	-0.1826	1
-0.051458	1.4711	1
0.78404	1.2821	1
0.88103	-0.52519	1
2.431	1.233	1
-0.22108	2.1171	1
2.7324	0.66705	1
0.46934	1.0643	1
1.8865	0.6081	1
4.1847	3.8461	1
1.2355	-0.11367	1
1.8687	-0.043179	1
-0.20186	0.48502	1
1.4018	0.12393	1
-0.36602	1.7795	1
0.70271	1.4746	1
-0.22565	-0.25762	1
1.1566	0.65698	1
-0.52581	-2.5969	1
2.4846	1.9761	1
1.4569	4.1239	1
-1.2218	-0.083907	1
-2.3939	-2.585	1
-1.6065	-0.30551	1
-0.61731	0.86261	1
0.98074	-0.72062	1
1.6639	2.1227	1
-1.0957	1.4466	1
-2.1052	-0.77561	1
0.13692	0.036633	1
-1.9604	-2.2831	1
0.58488	0.81379	1
-1.003	-1.6404	1
1.7702	1.0848	1
-0.10687	-0.27561	1
1.115	1.0156	1
-0.67135	0.48674	1
4.005	2.4595	1
1.1488	1.1891	1
0.52039	-1.5322	1
-1.2976	0.76225	1
1.5892	0.11291	1
-0.89566	-0.62618	1
-1.0225	-0.12905	1
-0.22515	1.3385	1
-0.15222	-0.80227	1
-0.077559	0.31626	1
3.8762	2.1587	1
2.1226	0.34505	1
3.3491	2.5191	1
-3.6402	-2.3137	1
0.52089	0.62803	1
0.74047	-0.50336	1
0.4408	-0.036982	1
3.8554	3.3337	1
0.10385	1.2992	1
-0.40344	-0.28475	1
1.5508	3.9364	1
-1.1565	-1.7498	1
3.8185	1.1482	1
2.7491	4.2766	1
5.0369	2.4939	1
1.96	1.3959	1
1.3543	-0.043767	1
3.1453	0.9153	1
1.2343	0.15764	1
0.96629	0.76725	1
-0.63498	-0.66802	1
-0.34095	1.2256	1
0.93584	0.41694	1
2.1465	3.4027	1
2.6947	1.0681	1
-0.13442	-1.7696	1
0.18142	0.83498	1
-0.53132	1.6836	1
-1.1625	-0.74216	1
1.5065	2.9325	1
0.48306	0.34108	1
3.314	1.7259	1
0.25316	-1.0967	1
2.5138	3.3915	1
0.11376	-1.2637	1
1.7822	1.1003	1
3.1312	1.4147	1
0.67846	-0.21257	1
1.3771	0.88516	1
-3.5608	-1.8555	1
0.18346	0.76036	1
1.3463	0.14066	1
1.1911	1.5674	1
3.879	3.5842	1
1.5899	1.2122	1
0.99715	0.70473	1
1.9043	0.041777	1
-1.239	-0.092	1
0.18967	2.585	1
1.8601	2.5405	1
0.59655	0.58257	1
-3.1462	-1.0199	1
2.2524	2.0739	1
-1.3702	0.15947	1
-1.1871	-0.29892	1
1.7372	1.5038	1
0.57915	2.7719	1
-0.34993	0.25906	1
-1.736	0.00018976	1
-0.077872	1.2858	1
-2.7885	0.18745	1
1.6144	1.2087	1
0.86953	1.7244	1
-1.2615	-0.42299	1
0.6581	0.14858	1
6.0871	4.2594	1
1.3867	2.038	1
1.6901	0.49554	1
3.7889	4.9033	1
1.6689	3.8779	1
1.0168	0.070027	1
1.1256	0.63587	1
1.5529	1.9645	1
2.8548	2.7566	1
1.5211	3.1354	1
3.0303	2.2614	1
0.81049	2.9318	1
2.4328	0.87723	1
0.099632	0.50348	1
2.4775	2.4026	1
-1.0354	-1.6052	1
0.21296	0.55172	1
0.12339	0.073257	1
4.1241	4.19	1
-0.75413	0.53506	1
-1.1482	1.961	1
1.4617	2.5938	1
-1.0919	-0.26176	1
16.932	1.6461	2
11.741	2.7076	2
13.128	2.2687	2
12.254	5.1506	2
10.878	3.1944	2
10.586	3.2038	2
10.257	1.8076	2
13.754	2.1242	2
11.033	3.1355	2
10.321	1.7248	2
11.697	5.1731	2
10.828	2.0092	2
11.803	1.6356	2
8.7648	1.5649	2
9.9285	4.0764	2
12.105	2.1092	2
10.661	2.3978	2
10.883	0.21423	2
15.202	4.2666	2
14.221	3.1147	2
11.613	2.1379	2
9.9145	2.5409	2
10.368	2.5002	2
15.835	4.2742	2
11.773	7.8354	2
12.464	4.8641	2
12.05	5.7761	2
13.958	6.374	2
10.667	2.0861	2
10.719	1.7776	2
8.9025	-0.75827	2
9.3545	0.52556	2
12.467	2.6889	2
11.848	2.7988	2
13.333	3.9754	2
11.111	2.9549	2
12.791	1.3148	2
13.298	2.8932	2
15.337	6.951	2
11.85	2.4557	2
11.681	1.3857	2
12.153	2.6336	2
12.129	3.5928	2
11.704	2.2658	2
15.248	3.3818	2
14.145	3.1511	2
11.101	4.6515	2
13.433	4.8573	2
14.155	2.4857	2
10.383	1.2355	2
10.142	-0.47874	2
11.402	4.6527	2
12.398	2.9562	2
12.207	2.6711	2
11.82	3.2344	2
12.34	0.97696	2
10.348	0.93516	2
10.477	2.794	2
12.601	2.6721	2
11.656	-0.49429	2
11.28	1.4913	2
9.033	2.4458	2
12.364	4.8809	2
12.659	3.365	2
9.5878	2.4343	2
11.652	2.095	2
11.955	3.33	2
13.404	4.3593	2
10.717	1.0887	2
10.891	4.3607	2
10.588	-0.20164	2
8.916	1.8967	2
12.112	2.657	2
12.541	5.8878	2
10.608	2.0214	2
10.347	7.7609	2
9.9563	1.8694	2
11.657	1.7075	2
13.846	7.4461	2
7.1015	1.3368	2
8.0734	1.2697	2
13.799	3.8393	2
10.756	0.93691	2
11.889	0.56157	2
14.041	2.6201	2
14.638	3.9947	2
12.052	4.8971	2
13.139	5.3742	2
12.327	3.9024	2
12.82	5.2466	2
11.36	7.1056	2
9.3907	3.2034	2
12.985	4.9158	2
13.083	2.8657	2
11.302	4.7425	2
11.015	0.8158	2
9.4812	1.6159	2
11.07	1.2759	2
10.963	1.7349	2
11.347	6.0637	2
14.855	3.6147	2
12.612	2.5023	2
11.302	4.4717	2
12.516	2.6525	2
12.507	3.6981	2
14.016	4.5831	2
13.5	2.0719	2
13.723	2.9906	2
12.284	6.2628	2
12.632	3.4369	2
13.839	5.1099	2
12.154	5.1562	2
9.2976	3.0515	2
12.296	3.306	2
10.369	4.5726	2
11.87	0.87879	2
11.165	4.7152	2
10.802	-0.87469	2
13.962	1.568	2
11.335	2.0725	2
12	2.8588	2
12.126	0.34956	2
9.5236	3.4568	2
14.023	3.5484	2
11.745	1.105	2
13.387	1.4953	2
12.47	1.5701	2
13.956	2.2709	2
10.716	2.3629	2
9.0226	1.9182	2
11.11	1.7356	2
10.893	2.4912	2
9.8963	1.2293	2
13.976	3.9503	2
13.625	6.0984	2
13.427	4.8972	2
8.8533	1.2755	2
8.9956	2.2388	2
14.698	3.6356	2
12.141	2.3416	2
12.907	2.7846	2
11.406	4.637	2
9.0301	1.1092	2
11.903	3.2819	2
11.539	3.8637	2
16.645	2.8428	2
9.9999	-0.15336	2
11.336	4.05	2
10.326	3.0789	2
15.435	3.2639	2
13.224	5.2733	2
9.8915	2.82	2
12.557	2.5133	2
9.7679	1.528	2
11.447	1.9875	2
17.262	2.9489	2
12.586	7.7017	2
10.135	-1.3711	2
12.408	3.5868	2
10.834	2.6208	2
10.23	0.29578	2
10.39	2.2229	2
12.201	3.7105	2
13.342	5.1407	2
11.875	3.1443	2
9.7604	3.2127	2
10.681	5.4497	2
15.07	3.8439	2
10.864	1.6764	2
11.212	0.38065	2
14.175	5.1255	2
9.6993	1.3936	2
13.221	5.753	2
11.243	2.8667	2
10.745	2.3599	2
13.67	2.6282	2
12.244	2.2317	2
12.572	1.1103	2
12.583	4.1828	2
12.375	2.433	2
10.519	3.5598	2
9.9933	-0.45402	2
12.907	3.8699	2
11.058	1.18	2
14.902	1.3905	2
11.487	2.4418	2
12.66	4.2341	2
15.252	5.7836	2
11.92	5.004	2
12.617	2.5826	2
11.667	1.3092	2
14.652	8.8788	2
12.443	2.2428	2
14.017	2.5122	2
11.379	3.5743	2
9.2068	0.30081	2
11.947	1.8854	2
14.083	1.1828	2
13.308	3.1077	2
11.612	1.0192	2
11.995	3.6376	2
10.387	2.7723	2
13.218	2.2241	2
10.594	1.9005	2
12.575	2.2529	2
10.038	2.6234	2
12.153	1.974	2
14.736	4.3578	2
12.21	1.676	2
12.708	4.1998	2
11.529	2.5715	2
9.8174	-1.0915	2
14.231	4.0573	2
14.583	5.4134	2
12.601	5.2768	2
12.665	3.5982	2
12.565	5.6162	2
9.5882	3.3316	2
12.23	6.5328	2
13.26	3.8565	2
9.8661	3.0758	2
13.903	4.3497	2
10.493	3.4128	2
11.823	4.3057	2
10.498	4.2479	2
11.432	1.1935	2
13.669	1.4339	2
10.434	4.6694	2
12.74	4.8319	2
11.655	1.4974	2
12.371	3.0432	2
11.274	5.791	2
14.107	1.8066	2
14.638	4.4189	2
12.108	0.76548	2
8.6569	2.1697	2
12.108	3.5407	2
14.382	3.4953	2
12.273	4.6373	2
11.371	2.5671	2
11.825	4.8885	2
6.8029	3.0662	2
11.618	2.4208	2
11.195	3.1591	2
11.325	3.1203	2
11.891	4.5499	2
9.6001	4.2415	2
9.2538	3.3872	2
13.027	3.3878	2
10.798	1.1454	2
11.156	0.61295	2
13.227	5.2137	2
11.448	6.0912	2
13.214	3.8494	2
12.408	3.0241	2
11.469	4.3588	2
11.802	0.17997	2
10.286	2.0039	2
13.074	0.083354	2
13.761	4.2886	2
13.204	3.4493	2
12.647	3.755	2
10.787	1.8948	2
9.1336	-1.0108	2
11.112	4.334	2
14.154	2.6466	2
13.073	3.6523	2
11.25	4.3096	2
10.321	3.3801	2
10.184	1.04	2
10.434	2.0525	2
11.56	2.4997	2
11.324	4.4001	2
10.596	4.6411	2
10.087	0.62245	2
11.88	1.2952	2
12.367	3.3369	2
11.69	2.8946	2
8.8059	2.2655	2
9.1472	0.33032	2
12.714	1.0412	2
11.367	2.6594	2
10.059	4.3805	2
16.154	5.4227	2
13.901	3.4397	2
13.088	2.7345	2
11.971	1.1511	2
11.753	4.3937	2
15.635	5.6142	2
10.392	2.1925	2
13.443	4.1169	2
12.908	3.7502	2
13.055	4.8727	2
11.85	5.6417	2
15.124	1.1564	2
13.893	3.1273	2
9.3567	1.9868	2
12.548	1.09	2
13.006	2.8593	2
11.699	4.2325	2
12.327	1.867	2
14.259	0.30864	2
12.388	1.4584	2
14.945	4.4529	2
10.433	1.2284	2
11.202	4.2874	2
11.543	1.9333	2
12.819	3.6523	2
12.715	2.2609	2
13.626	4.5775	2
13.045	0.6612	2
12.56	5.8773	2
13.212	3.0456	2
14.322	3.5479	2
13.407	1.1325	2
9.1718	2.0546	2
10.481	2.3786	2
8.6614	-0.088383	2
15.266	5.0661	2
11.417	6.1034	2
11.855	4.903	2
8.9247	1.8718	2
10.661	3.4676	2
13.641	3.898	2
10.135	3.0674	2
15.029	0.62673	2
9.4259	0.65652	2
9.8514	1.818	2
12.745	4.2874	2
9.3645	2.7196	2
7.7186	1.4056	2
12.865	-0.25062	2
9.9229	-0.027987	2
11.127	4.903	2
11.159	2.9451	2
14.146	3.7439	2
12.265	2.5356	2
12.098	7.7934	2
12.317	1.9839	2
8.444	1.5822	2
10.939	3.526	2
12.112	5.2065	2
11.345	2.5676	2
10.784	4.1788	2
12.199	4.6969	2
7.6255	1.9711	2
8.3664	-0.36402	2
11.596	4.1824	2
8.9222	2.1445	2
10.933	5.1863	2
11.133	1.3362	2
11.404	2.7958	2
12.485	2.337	2
12.123	0.027797	2
13.391	1.7448	2
11.721	-0.2982	2
13.882	6.3983	2
13.417	3.8685	2
12.375	4.1092	2
15.356	4.4564	2
11.829	4.7772	2
12.856	5.767	2
12.2	2.4034	2
14.283	2.1833	2
9.7516	4.0612	2
10.442	6.1604	2
11.459	2.4605	2
11.771	1.6807	2
11.677	3.4387	2
11.147	1.1738	2
10.521	1.2336	2
9.3545	3.2261	2
9.1904	1.7043	2
13.351	4.3137	2
8.3748	0.9689	2
12.532	4.1365	2
12.118	3.6011	2
12.801	4.1154	2
10.142	4.3029	2
12.416	4.5678	2
12.012	0.48274	2
13.426	6.4618	2
10.952	0.61712	2
15.223	1.1871	2
13.854	5.1842	2
12.324	1.8298	2
12.049	-0.0853	2
10.36	2.3828	2
13.053	6.3614	2
12.945	4.7811	2
13.475	4.6267	2
11.969	1.2415	2
13.572	2.2047	2
10.946	4.1587	2
9.2946	4.2688	2
10.235	4.2343	2
14.562	4.7648	2
13.119	1.7034	2
9.8376	1.9764	2
11.573	4.8737	2
12.585	5.5073	2
11.535	3.5054	2
14.726	4.0949	2
11.914	3.545	2
11.447	2.0508	2
11.033	4.0918	2
11.239	3.1313	2
11.8	3.7204	2
8.4599	1.5934	2
13.499	4.0391	2
11.71	1.9076	2
14.848	6.6027	2
13.963	3.2155	2
9.9849	3.5032	2
12.973	0.15092	2
10.144	4.0282	2
10.202	1.8187	2
11.377	3.8264	2
9.461	1.4744	2
10.025	3.4774	2
12.257	2.2317	2
9.754	1.5651	2
9.2512	0.52127	2
14.455	1.3767	2
13.8	4.3122	2
13.965	5.4832	2
12.914	3.5796	2
11.877	1.8974	2
14.287	1.9004	2
14.893	2.3783	2
11.104	5.6279	2
15.517	4.3493	2
9.1147	0.28217	2
9.2378	0.25923	2
10.987	1.4555	2
11.095	2.355	2
12.884	6.6309	2
13.24	3.4967	2
10.77	0.56225	2
13.647	2.372	2
13.209	1.8003	2
9.4819	4.384	2
13.014	6.662	2
13.866	6.1756	2
10.236	1.8642	2
11.042	4.6855	2
13.73	3.5192	2
15.803	4.0698	2
11.399	1.0372	2
11.438	2.4229	2
12.917	2.0435	2
11.554	2.4865	2
10.51	1.476	2
9.8367	1.745	2
9.1262	-0.5306	2
15.247	4.9668	2
12.714	1.1613	2
12.546	3.7483	2
12.584	2.1901	2
10.622	1.1719	2
12.926	0.29066	2
14.064	3.203	2
9.1796	3.5676	2
12.628	5.9638	2
12.286	3.9892	2
12.522	1.1092	2
11.981	2.6515	2
12.687	5.0412	2
10.087	3.1978	2
12.865	2.2833	2
12.337	3.4981	2
11.382	4.2783	2
12.846	2.6646	2
11.08	1.481	2
11.179	1.4199	2
12.785	4.1151	2
11.247	3.5662	2
9.3146	1.3188	2
9.222	-0.39044	2
10.637	2.7313	2
15.235	3.6465	2
15.979	4.4648	2
11.884	5.2891	2
9.3063	2.6021	2
12.009	1.6482	2
13.195	6.9044	2
16.457	3.3908	2
14.989	3.1955	2
11.306	3.6737	2
9.9252	0.076608	2
11.146	2.9444	2
10.038	2.2815	2
14.302	7.1359	2
11.266	4.7994	2
11.691	3.5432	2
10.485	0.71982	2
13.142	4.231	2
10.401	1.8848	2
13.258	2.56	2
10.272	-0.61254	2
12.483	-0.57962	2
11.162	3.2873	2
13.28	4.162	2
10.736	1.9612	2
10.747	3.6192	2
10.262	2.938	2
11.776	0.66111	2
11.135	0.70566	2
11.039	4.6023	2
13.617	4.2871	2
14.24	3.2273	2
11.392	1.0894	2
15.313	4.5268	2
13.468	3.8903	2
14.996	0.97428	2
10.256	3.9587	2
11.127	2.8086	2
13.621	4.0865	2
13.157	1.2285	2
14.335	6.4683	2
12.591	4.5622	2
12.629	1.8609	2
11.447	2.4824	2
11.049	1.677	2
13.117	4.0521	2
12.324	4.4263	2
11.937	3.5809	2
12.868	4.0622	2
10.697	3.4408	2
10.255	0.6538	2
13.146	4.5461	2
12.494	1.741	2
8.9537	2.9895	2
10.709	0.78243	2
8.534	3.6408	2
13.186	4.0815	2
12.808	4.5634	2
12.265	1.986	2
12.839	4.5612	2
10.844	1.3857	2
11.177	2.1163	2
12.085	2.5864	2
13.855	4.4533	2
12.951	5.4069	2
11.905	2.586	2
13.943	3.3103	2
11.92	3.4768	2
10.974	1.5595	2
13.572	5.8999	2
12.546	4.9041	2
10.095	3.904	2
10.107	1.6116	2
10.733	-0.009454	2
13.566	2.11	2
13.043	4.0428	2
12.096	1.9906	2
11.69	3.4045	2
12.334	2.0095	2
14.339	4.1092	2
13.304	3.1301	2
11.071	3.3333	2
11.681	0.1721	2
12.927	5.4601	2
11.344	2.4574	2
13.949	4.2774	2
12.609	6.2391	2
14.485	3.8461	2
11.587	4.7342	2
11.301	2.2316	2
15.462	5.8297	2
9.2722	2.8505	2
10.7	2.581	2
13.447	3.0182	2
14.25	4.6542	2
9.9701	0.79332	2
13.416	1.9779	2
13.394	5.0658	2
14.303	4.8424	2
13.339	4.373	2
12.619	2.5705	2
10.601	2.5512	2
14.258	1.3639	2
13.279	1.2955	2
10.395	3.1419	2
13.115	1.6193	2
10.72	2.7966	2
9.7081	-0.30846	2
11.244	2.0189	2
12.087	1.4961	2
14.05	4.5917	2
11.619	2.8882	2
12.211	3.5152	2
12.604	1.3299	2
9.9769	0.38512	2
11.488	0.7755	2
11.424	4.5565	2
10.75	3.5678	2
9.9337	2.618	2
10.082	1.0725	2
11.415	1.0484	2
10.872	4.2427	2
14.529	4.6541	2
10.761	0.79394	2
12.045	5.7072	2
11.353	-0.096336	2
14.749	4.4479	2
14.501	4.9357	2
11.029	2.9268	2
13.249	1.8409	2
10.884	3.0416	2
13.587	3.1832	2
15.747	4.5788	2
11.388	2.2816	2
10.645	3.3874	2
9.9075	1.4835	2
13.977	1.5372	2
12.987	4.8143	2
13.461	5.082	2
11.596	4.2357	2
10.438	-0.1373	2
10.98	3.3815	2
10.928	0.87024	2
10.466	3.9471	2
12.023	4.5522	2
11.511	4.4932	2
13.908	6.6043	2
11.144	0.3849	2
13.39	4.0953	2
10.254	4.995	2
15.329	4.1617	2
12.291	3.1416	2
11.955	1.8399	2
11.299	4.5777	2
11.07	3.1242	2
11.159	4.6984	2
11.388	1.1101	2
14.236	2.3888	2
12.927	3.3778	2
12.014	3.3212	2
10.256	0.86941	2
9.0603	2.6236	2
15.146	3.5944	2
11.748	4.9931	2
11.758	3.0098	2
10.04	2.7764	2
13.061	1.8923	2
10.431	-0.25845	2
13.532	-0.28543	2
7.9122	4.9184	2
12.729	4.2154	2
12.318	5.5321	2
12.867	3.0494	2
11.428	0.25897	2
7.8196	-0.25185	2
10.332	0.51409	2
16.703	0.64113	2
13.695	4.6843	2
10.615	0.98467	2
12.838	3.7645	2
12.806	3.5055	2
7.7265	0.48522	2
11.447	4.8878	2
8.4854	2.3371	2
14.013	1.1706	2
13.644	3.4054	2
14.573	4.342	2
15.54	3.3604	2
12.139	3.593	2
11.086	4.7745	2
12.513	3.8953	2
12.381	4.929	2
11.712	6.0413	2
11.687	5.6113	2
10.232	2.9844	2
12.079	5.6891	2
9.6613	-0.28822	2
12.457	3.2166	2
13.072	4.3871	2
13.161	3.9428	2
13.558	3.0753	2
12.916	-0.13483	2
13.525	3.568	2
11.978	0.95158	2
11.336	1.7689	2
14.418	5.1632	2
8.8049	0.54689	2
10.079	3.7365	2
10.62	1.2855	2
13.016	6.5172	2
9.6274	3.9203	2
11.923	1.1548	2
12.869	4.4995	2
11.421	6.5132	2
13.17	-0.93546	2
13.103	2.5719	2
16.134	2.287	2
9.5593	2.7382	2
11.072	4.1264	2
13.697	3.8845	2
11.739	2.9252	2
11.557	3.3945	2
10.777	0.85508	2
14.022	2.0214	2
13.338	4.7139	2
13.513	2.6224	2
12.346	5.5781	2
8.9022	3.6244	2
15.685	2.6619	2
10.617	3.1441	2
12.968	4.5083	2
14.76	4.2374	2
12.26	2.1255	2
11.8	4.6318	2
13.236	8.4883	2
11.406	2.9176	2
10.749	3.4348	2
8.1481	4.3567	2
11.638	2.1335	2
12.265	1.7001	2
14.62	4.1291	2
13.202	-0.14463	2
13.803	2.2131	2
11.627	1.3984	2
14.414	5.4667	2
13.6	2.6957	2
11.4	1.3254	2
12.164	2.2171	2
9.4805	1.2522	2
10.504	4.5075	2
12.62	2.6191	2
10.594	0.93319	2
11.649	4.0643	2
14.131	4.3629	2
10.796	3.8514	2
11.804	1.9556	2
10.136	0.14769	2
13.272	3.8703	2
12.961	3.2305	2
9.398	2.0467	2
10.507	1.7304	2
11.039	3.2586	2
7.4133	1.6246	2
9.8034	1.9697	2
10.636	1.96	2
12.954	-0.64941	2
11.604	4.8746	2
10.031	3.5869	2
11.55	2.7536	2
13.287	7.2054	2
11.772	4.9152	2
9.716	1.3664	2
17.208	2.1386	2
12.427	1.381	2
14.628	1.9915	2
16.664	5.4116	2
14.156	3.8544	2
11.804	5.3326	2
8.4501	-0.12853	2
9.3406	2.6032	2
11.19	3.0621	2
12.258	2.4192	2
15.155	2.0043	2
16.154	6.0747	2
13.486	6.8105	2
9.8295	3.7207	2
11.66	3.9826	2
15.869	2.3164	2
12.04	4.0083	2
11.889	5.4133	2
10.293	3.8616	2
12.593	3.4416	2
11.058	2.215	2
12.754	4.2058	2
13.969	1.9976	2
15.058	1.7461	2
11.971	0.22547	2
16.262	3.9386	2
15.132	2.6648	2
10.534	4.4754	2
14.888	3.6867	2
12.844	4.6402	2
10.409	-1.1712	2
14.201	2.7105	2
13.644	1.9878	2
13.023	4.6501	2
12.183	3.8667	2
10.138	7.0972	2
16.171	7.6311	2
14.242	6.153	2
14.947	3.3104	2
12.85	-1.1477	2
11.294	3.7275	2
14.063	3.5794	2
9.6096	1.7375	2
12.794	6.0301	2
10.748	-2.4026	2
12.053	2.1964	2
13.154	-0.00068417	2
13.616	1.4596	2
11.391	3.4611	2
11.486	4.4644	2
7.6436	1.061	2
9.4468	0.78589	2
15.585	6.8884	2
12.617	3.9675	2
12.962	4.8402	2
9.801	4.0796	2
11.296	4.9549	2
8.5005	6.0351	2
9.2251	3.3036	2
9.3326	3.267	2
8.6909	2.4998	2
9.5798	3.1677	2
9.8333	2.2451	2
10.624	2.5553	2
14.124	4.1075	2
15.463	0.43824	2
10.628	4.5182	2
12.507	4.312	2
11.714	3.4166	2
9.9566	3.6613	2
10.223	1.5163	2
8.7393	0.3343	2
13.518	4.4902	2
11.946	4.8663	2
13.863	4.561	2
10.701	2.0807	2
11.294	0.2725	2
12.922	4.8142	2
11.967	3.9508	2
14.493	6.0575	2
10.493	3.3622	2
14.577	3.2369	2
11.423	3.5902	2
11.748	3.2933	2
11.218	0.41694	2
11.063	2.0445	2
14.914	2.9448	2
10.611	1.7014	2
14.224	3.2994	2
11.757	1.3936	2
11.881	3.3601	2
12.255	3.6253	2
11.872	2.2674	2
9.7005	1.5602	2
10.269	5.464	2
12.753	5.5479	2
11.514	1.0722	2
12.318	4.0962	2
13.171	2.6104	2
12.257	2.466	2
11.247	1.5258	2
11.856	0.52674	2
14.359	5.7303	2
13.168	0.23722	2
13.391	3.263	2
13.568	3.8912	2
13.656	0.84345	2
10.669	3.935	2
16.315	4.7574	2
11.733	2.6153	2
12.072	2.1826	2
9.3935	1.6481	2
13.879	4.6778	2
12.991	0.2561	2
12.332	3.8643	2
13.071	1.0185	2
13.5	3.3252	2
12.621	5.0263	2
7.6193	3.2352	2
11.814	1.4831	2
11.713	3.4054	2
12.754	1.1642	2
11.479	2.7105	2
12.25	5.1594	2
12.167	0.012521	2
11.697	5.7454	2
13.169	4.5765	2
12.147	0.8816	2
13.52	6.4134	2
10.97	3.7179	2
14.753	5.3914	2
10.523	3.0036	2
11.5	2.7613	2
9.4297	4.044	2
10.88	0.75383	2
14.191	0.94201	2
12.82	2.9507	2
10.344	2.3732	2
12.876	1.6575	2
10.753	2.9547	2
8.3449	2.9223	2
11.062	4.264	2
15.445	6.2944	2
12.373	2.8538	2
8.5672	1.094	2
13.233	3.1809	2
15.396	3.4552	2
11.928	2.8367	2
11.74	4.5758	2
13.05	3.2054	2
10.559	2.5153	2
12.536	0.85331	2
16.426	2.973	2
10.476	5.6898	2
12.13	2.304	2
12.724	-0.42748	2
12.775	2.8586	2
13.521	1.5092	2
11.64	1.6771	2
10.705	3.3131	2
11.891	5.2549	2
8.645	3.8158	2
11.621	0.10065	2
15.866	7.1555	2
11.023	-0.039731	2
12.642	6.0241	2
12.897	1.8431	2
12.707	2.823	2
12.136	7.4333	2
10.877	3.6443	2
12.634	6.2774	2
12.442	3.5876	2
12.303	7.0951	2
13.08	3.7601	2
11.705	2.3443	2
9.9346	-1.1742	2
10.666	4.7301	2
13.235	4.2287	2
13.819	3.2015	2
10.899	5.4116	2
9.6616	5.0367	2
10.211	0.78628	2
13.786	3.1123	2
13.623	1.4022	2
13.391	5.0098	2
13.72	3.1262	2
11.95	3.5548	2
12.279	2.3567	2
13.271	4.9428	2
13.631	3.9432	2
16.51	5.1235	2
10.297	4.5949	2
12.199	2.8044	2
12.778	-0.44159	2
9.9542	3.8375	2
9.3764	2.891	2
12.288	3.944	2
10.753	3.4602	2
12	4.3511	2
10.313	4.4293	2
11.828	3.1186	2
12.179	1.9343	2
8.076	3.7936	2
13.342	2.7318	2
8.4343	0.33586	2
12.452	4.6093	2
12.038	4.6283	2
12.41	2.3304	2
14.697	5.7093	2
9.2734	2.6039	2
10.784	5.6947	2
10.651	2.5665	2
14.745	3.8755	2
14.329	3.8989	2
13.253	7.0371	2
9.2438	1.2977	2
11.185	2.3478	2
12.93	3.8387	2
12.624	4.0186	2
10.85	0.83228	2
14.67	3.0267	2
10.979	0.024289	2
12.686	1.9418	2
15.541	3.9301	2
15.07	3.0997	2
11.653	-0.7002	2
13.338	3.0557	2
14.979	2.0766	2
10.316	0.76594	2
13.707	3.6087	2
15.306	3.735	2
13.787	3.4276	2
14.192	3.9864	2
12.003	3.2831	2
9.7252	1.2927	2
10.714	4.3433	2
14.745	7.1802	2
12.128	0.9256	2
13.466	1.492	2
10.202	2.0978	2
8.8568	-1.5706	2
8.3677	0.85936	2
12.495	-0.55031	2
8.2259	0.21716	2
14.521	1.697	2
14.019	4.1073	2
12.533	2.5527	2
13.814	4.1676	2
11.815	4.2397	2
